[1,["4aI0d2M5ZK47lJYJVXusWP@49434","0dzg/Pa6tHQ46BzacZ8hxP","c0ALPxYcFFkaZIWq46xhXd@73e25","c0ALPxYcFFkaZIWq46xhXd@438fe","eceEUOZqJNIqmqTda8D83V@e74cd","f6CaHg/JhCWZlt7gM/YraU@31163"],["_parent","node","root","jumpMovement","animationController","data","_mesh","_skeleton","_defaultClip"],[["cc.Node",["_name","_prefab","_children","_lrot","_euler","_lpos","_parent","_lscale","_components"],2,4,2,5,5,5,1,5,12],["cc.Node",["_name","_parent","_prefab","_lrot","_euler","_children","_lpos","_lscale","_components"],2,1,4,5,5,9,5,5,9],["cc.Skeleton",["_name","_hash","_joints","_bindposes"],0,12],["cc.Mesh",["_native","_hash","_struct"],1,11],["cc.Prefab",["_name"],2],["cc.RigidBody",["_type","node","__prefab"],2,1,4],["cc.CompPrefabInfo",["fileId"],2],["cc.CapsuleCollider",["_radius","_cylinderHeight","node","__prefab","_center"],1,1,4,5],["765b15f3qRGLbgPmo+5l6j0",["node","__prefab"],3,1,4],["924c0N82pFAq6dEIaHzPXTl",["node","__prefab","animationController","jumpMovement"],3,1,4,1,1],["c35aco7pBZEE7Fj7WfeU3Nx",["node","__prefab"],3,1,4],["cc.PrefabInfo",["fileId","instance","targetOverrides","nestedPrefabInstanceRoots","root","asset"],-1,1,1],["cc.SkinnedMeshRenderer",["node","__prefab","_materials","bakeSettings","_skinningRoot","_mesh","_skeleton"],3,1,4,3,4,1,6,6],["cc.ModelBakeSettings",[],3],["cc.SkeletalAnimation",["node","__prefab","_clips"],3,1,4,3],["afabbv3gkBLNqVnLm63XFz6",["node","__prefab","animation"],3,1,4,1],["a1f46lLlJJEk7dN9xB09nXO",["node","__prefab"],3,1,4]],[[11,0,1,2,3,4,5,5],[0,0,6,2,1,5,3,4,2],[0,0,6,1,5,2],[0,0,6,2,1,5,3,7,4,2],[1,0,1,5,2,6,3,4,2],[6,0,2],[0,0,2,1,5,3,4,2],[1,0,1,5,2,3,4,2],[2,0,1,2,3,4],[3,0,1,2,3],[4,0,2],[0,0,2,8,1,3,4,2],[0,0,6,2,1,3,7,4,2],[0,0,2,1,5,3,7,4,2],[1,0,1,5,2,6,3,7,4,2],[1,0,1,8,2,3,7,4,2],[5,0,1,2,2],[7,0,1,2,3,4,3],[8,0,1,1],[9,0,1,2,3,1],[10,0,1,1],[12,0,1,2,3,4,5,6,1],[13,1],[14,0,1,2,1],[15,0,1,2,1],[16,0,1,1]],[[[[8,"Skin-0",1319977548,["Root/LeftFootCtrl","Root/LeftFootCtrl/LeftHeelRoll","Root/LeftFootCtrl/LeftHeelRoll/LeftToeRoll","Root/LeftFootCtrl/LeftHeelRoll/LeftToeRoll/LeftFootIK","Root/LeftFootCtrl/LeftFootRollCtrl","Root/LeftFootCtrl/LeftKneeCtrl","Root/RightFootCtrl","Root/RightFootCtrl/RightHeelRoll","Root/RightFootCtrl/RightHeelRoll/RightToeRoll","Root/RightFootCtrl/RightHeelRoll/RightToeRoll/RightFootIK","Root/RightFootCtrl/RightFootRollCtrl","Root/RightFootCtrl/RightKneeCtrl","Root/HipsCtrl","Root/HipsCtrl/Hips","Root/HipsCtrl/Hips/Spine","Root/HipsCtrl/Hips/Spine/Chest","Root/HipsCtrl/Hips/Spine/Chest/UpperChest","Root/HipsCtrl/Hips/Spine/Chest/UpperChest/Neck","Root/HipsCtrl/Hips/Spine/Chest/UpperChest/Neck/Head","Root/HipsCtrl/Hips/Spine/Chest/UpperChest/LeftShoulder","Root/HipsCtrl/Hips/Spine/Chest/UpperChest/LeftShoulder/LeftArm","Root/HipsCtrl/Hips/Spine/Chest/UpperChest/LeftShoulder/LeftArm/LeftForeArm","Root/HipsCtrl/Hips/Spine/Chest/UpperChest/LeftShoulder/LeftArm/LeftForeArm/LeftHand","Root/HipsCtrl/Hips/Spine/Chest/UpperChest/LeftShoulder/LeftArm/LeftForeArm/LeftHand/LeftHandIndex1","Root/HipsCtrl/Hips/Spine/Chest/UpperChest/LeftShoulder/LeftArm/LeftForeArm/LeftHand/LeftHandIndex1/LeftHandIndex2","Root/HipsCtrl/Hips/Spine/Chest/UpperChest/LeftShoulder/LeftArm/LeftForeArm/LeftHand/LeftHandIndex1/LeftHandIndex2/LeftHandIndex3","Root/HipsCtrl/Hips/Spine/Chest/UpperChest/LeftShoulder/LeftArm/LeftForeArm/LeftHand/LeftHandThumb1","Root/HipsCtrl/Hips/Spine/Chest/UpperChest/LeftShoulder/LeftArm/LeftForeArm/LeftHand/LeftHandThumb1/LeftHandThumb2","Root/HipsCtrl/Hips/Spine/Chest/UpperChest/RightShoulder","Root/HipsCtrl/Hips/Spine/Chest/UpperChest/RightShoulder/RightArm","Root/HipsCtrl/Hips/Spine/Chest/UpperChest/RightShoulder/RightArm/RightForeArm","Root/HipsCtrl/Hips/Spine/Chest/UpperChest/RightShoulder/RightArm/RightForeArm/RightHand","Root/HipsCtrl/Hips/Spine/Chest/UpperChest/RightShoulder/RightArm/RightForeArm/RightHand/RightHandIndex1","Root/HipsCtrl/Hips/Spine/Chest/UpperChest/RightShoulder/RightArm/RightForeArm/RightHand/RightHandIndex1/RightHandIndex2","Root/HipsCtrl/Hips/Spine/Chest/UpperChest/RightShoulder/RightArm/RightForeArm/RightHand/RightHandIndex1/RightHandIndex2/RightHandIndex3","Root/HipsCtrl/Hips/Spine/Chest/UpperChest/RightShoulder/RightArm/RightForeArm/RightHand/RightHandThumb1","Root/HipsCtrl/Hips/Spine/Chest/UpperChest/RightShoulder/RightArm/RightForeArm/RightHand/RightHandThumb1/RightHandThumb2","Root/HipsCtrl/Hips/LeftUpLeg","Root/HipsCtrl/Hips/LeftUpLeg/LeftLeg","Root/HipsCtrl/Hips/LeftUpLeg/LeftLeg/LeftFoot","Root/HipsCtrl/Hips/LeftUpLeg/LeftLeg/LeftFoot/LeftToes","Root/HipsCtrl/Hips/RightUpLeg","Root/HipsCtrl/Hips/RightUpLeg/RightLeg","Root/HipsCtrl/Hips/RightUpLeg/RightLeg/RightFoot","Root/HipsCtrl/Hips/RightUpLeg/RightLeg/RightFoot/RightToes"],[[[7,4.244793956331705e-7,-1.9027860176379363e-8,-1.0000001192092896,0,1.0000001192092896,9.125925350421307e-15,4.244793956331705e-7,0,1.04899122462638e-15,-1.0000001192092896,1.9027858400022524e-8,0,-0.0014881013194099069,0.0019320480059832335,0.003028549486771226,1],[7,-0.9994962215423584,0.0005071243504062295,0.03172845020890236,0,-0.000535918225068599,-0.9999992251396179,-0.0008990100468508899,0,0.031727977097034454,-0.0009155610459856689,0.9994960427284241,0,0.0032462729141116142,0.002195097506046295,-0.00023413966118823737,1],[7,0.9789506793022156,-0.2041057050228119,-1.0971388775260493e-7,0,0.20410606265068054,0.9789489507675171,-1.4348190191526555e-8,0,1.1033302627083685e-7,-8.347083024773383e-9,1.0000001192092896,0,-0.0032867444679141045,0.0015765884891152382,-0.00013154851330909878,1],[7,0.9849807620048523,0.16955459117889404,0.03267402946949005,0,0.11463648825883865,-0.7836095690727234,0.6105852723121643,0,0.1291314661502838,-0.5976680517196655,-0.7912760376930237,0,-0.0034031427931040525,0.0018073077080771327,0.0005212169489823282,1],[7,1,-1.741370425634159e-8,1.9027886821731954e-8,0,1.741369892727107e-8,1.0000001192092896,2.400325911366963e-7,0,-1.9027890374445633e-8,-2.400325911366963e-7,1.0000001192092896,0,-0.003028550185263157,-0.0014880996895954013,-0.001932048937305808,1],[7,1.0000001192092896,-1.5793735030911193e-7,-3.1786502319164356e-8,0,-3.1786509424591713e-8,-3.872813891803162e-8,-1.0000001192092896,0,1.579373218874025e-7,1.0000001192092896,-3.872813891803162e-8,0,-0.0027696839533746243,-0.007799054495990276,-0.004691476933658123,1],[7,4.244793956331705e-7,-1.9027860176379363e-8,-1.0000001192092896,0,1.0000001192092896,9.125925350421307e-15,4.244793956331705e-7,0,1.04899122462638e-15,-1.0000001192092896,1.9027858400022524e-8,0,-0.0014880987582728267,0.0019320480059832335,-0.003023727098479867,1],[7,-0.9995062947273254,-0.0005069875624030828,0.03141845390200615,0,0.00047797156730666757,-0.9999993443489075,-0.0009310381137765944,0,0.03141890466213226,-0.0009155610459856689,0.9995058178901672,0,-0.003249757457524538,0.002195100300014019,-0.000028934335205121897,1],[7,0.9789550304412842,0.20410655438899994,-3.3972531809922657e-7,0,-0.20410791039466858,0.9789486527442932,2.9150207581096765e-8,0,3.385256377441692e-7,4.08036129329048e-8,1.0000001192092896,0,0.0032820359338074923,0.0015756062930449843,-0.00013155002670828253,1],[7,0.9849851727485657,-0.1695551872253418,0.032674506306648254,0,-0.1548505276441574,-0.7836095094680786,0.6016461253166199,0,-0.07640863209962845,-0.5976682305335999,-0.7980945110321045,0,0.0033563843462616205,0.0018081244779750705,0.0007454463629983366,1],[7,1,-1.741370425634159e-8,1.9027886821731954e-8,0,1.741369892727107e-8,1.0000001192092896,2.400325911366963e-7,0,-1.9027890374445633e-8,-2.400325911366963e-7,1.0000001192092896,0,0.0030237266328185797,-0.0014880996895954013,-0.001932048937305808,1],[7,1.0000001192092896,-1.5793735030911193e-7,-3.1786502319164356e-8,0,-3.1786509424591713e-8,-3.872813891803162e-8,-1.0000001192092896,0,1.579373218874025e-7,1.0000001192092896,-3.872813891803162e-8,0,0.0027317407075315714,-0.007799055427312851,-0.004691476933658123,1],[7,-0.999995768070221,0.0028861400205641985,0.0001860295160440728,0,-0.00018602950149215758,2.719170026921347e-7,-0.9999998807907104,0,-0.0028861407190561295,-0.9999955892562866,2.649914279118093e-7,0,0.0000428520143032074,0.01564165949821472,-0.00031240627868101,1],[7,0.9999959468841553,-1.0733812061403114e-8,-3.0660129990423e-10,0,-3.066000509033273e-10,4.95873397898805e-10,-1.0000001192092896,0,1.0733771205195808e-8,0.9999997615814209,4.958735644322587e-10,0,-0.0000024120213311107364,-0.012422208674252033,-0.0003124020586255938,1],[7,0.9999959468841553,1.1645657771452989e-8,-2.1351919343715053e-8,0,-2.2611818195628075e-8,0.12185746431350708,-0.9925475120544434,0,-8.956943631233116e-9,0.9925476312637329,0.12185747176408768,0,-0.0000024117612156260293,-0.01548709161579609,-0.002216135384514928,1],[7,0.9999959468841553,-1.0707866593406834e-8,-1.3630592210489567e-9,0,-3.0482030788370196e-10,0.09821267426013947,-0.9951654076576233,0,1.0789923621246089e-8,0.9951655864715576,0.09821265190839767,0,-0.0000024121573005686514,-0.01840510219335556,-0.0017788256518542767,1],[7,0.9999959468841553,-1.0789964477453395e-8,-3.0558644503742016e-10,0,-3.0558516828094184e-10,7.450577932388569e-9,-1.0000001192092896,0,1.0789923621246089e-8,0.9999997615814209,7.450578820566989e-9,0,-0.0000024121900423779152,-0.0215288233011961,0.0003372084756847471,1],[7,0.9999959468841553,-1.0702787101024569e-8,1.3454412028934826e-9,0,-3.055362629567071e-10,-0.1527809500694275,-0.9882602691650391,0,1.0782654769059263e-8,0.9882596731185913,-0.15278102457523346,0,-0.0000024122189188346965,-0.02390139549970627,0.004036275669932365,1],[7,0.9999959468841553,-1.0784082959958141e-8,-2.519363884179171e-10,0,-3.055835307019805e-10,-0.004975063726305962,-0.9999876618385315,0,1.0782654769059263e-8,0.9999874830245972,-0.0049750651232898235,0,-0.000002412248932159855,-0.02698502130806446,0.00004671589704230428,1],[7,0.06147382780909538,0.9553334712982178,0.28905415534973145,0,-0.9980710744857788,0.056316129863262177,0.026134056970477104,0,0.008688363246619701,-0.2901022136211395,0.9569554328918457,0,-0.0005776887992396951,0.006232901010662317,-0.023539667949080467,1],[7,-0.08858843892812729,0.9957229495048523,0.026083234697580338,0,0.003936449997127056,0.02653585933148861,-0.9996402859687805,0,-0.9960604310035706,-0.08845355361700058,-0.006270410027354956,0,0.02379399910569191,-0.0012523429468274117,-0.00010626232688082382,1],[7,-0.07719294726848602,0.9946090579032898,-0.06918532401323318,0,0.028853317722678185,-0.06713449209928513,-0.9973267912864685,0,-0.9965983629226685,-0.07898251712322235,-0.02351555787026882,0,0.023715823888778687,-0.0061745052225887775,0.0010599091183394194,1],[7,0.005461004097014666,0.9976755380630493,-0.0678742527961731,0,0.9967791438102722,6.606688174315423e-8,0.08019942790269852,0,0.08001331984996796,-0.06809335947036743,-0.9944650530815125,0,-0.0014989437768235803,-0.011708763428032398,0.023563764989376068,1],[7,-0.013546343892812729,0.9835414886474609,-0.18015655875205994,0,0.9971851706504822,6.288807696819276e-8,-0.07498004287481308,0,-0.0737462267279625,-0.1806645691394806,-0.9807760715484619,0,0.002264530397951603,-0.010336344130337238,0.024839546531438828,1],[7,0.020034655928611755,0.9412080645561218,-0.3372253179550171,0,0.9982404708862305,4.992022351046899e-9,0.05930567532777786,0,0.055819183588027954,-0.33781903982162476,-0.9395537972450256,0,-0.0011747657554224133,-0.007267126347869635,0.026445724070072174,1],[7,-0.0006906040944159031,0.9185335040092468,-0.3953362703323364,0,0.9999988675117493,-6.749336645128778e-10,-0.0017468745354562998,0,-0.0016045687953010201,-0.395335853099823,-0.9185343384742737,0,0.00044272872037254274,-0.006636936217546463,0.026929721236228943,1],[7,0.12228255718946457,0.35508984327316284,0.9267973899841309,0,-0.2729831039905548,-0.8857583999633789,0.37538185715675354,0,0.9542152881622314,-0.29890352487564087,-0.01137924287468195,0,-0.02357938513159752,0.0009470640798099339,-0.012133699841797352,1],[7,0.14900314807891846,0.6899058222770691,0.7083961963653564,0,-0.26436910033226013,-0.66252201795578,0.7008359432220459,0,0.9528412818908691,-0.2917048931121826,0.0836719200015068,0,-0.02391023561358452,-0.004574000369757414,-0.010516946204006672,1],[7,0.06147414445877075,-0.9553295373916626,0.2890663743019104,0,-0.9223355054855347,0.05631544068455696,0.3822643756866455,0,-0.381469190120697,-0.2901146113872528,-0.8776746988296509,0,0.009050806984305382,0.006237815134227276,0.021736202761530876,1],[7,0.03415790572762489,-0.9957231879234314,-0.08579766750335693,0,0.9957265853881836,0.02653616853058338,0.08845315873622894,0,-0.08579844236373901,-0.08845212310552597,0.9923781156539917,0,0.00230435305275023,-0.0012475757393985987,-0.02368195168673992,1],[7,-0.06044785678386688,-0.9946090579032898,-0.08421409875154495,0,0.9946126341819763,-0.06713517010211945,0.07898325473070145,0,-0.08421149104833603,-0.0789857879281044,0.9933122396469116,0,0.0015068600187078118,-0.00616963068023324,-0.02369125559926033,1],[7,0.0054611023515462875,-0.9976754188537598,-0.06787524372339249,0,0.9967789649963379,3.339582121952844e-8,0.0801982507109642,0,-0.08001212775707245,-0.06809437274932861,0.994465172290802,0,0.0022877126466482878,-0.011703924275934696,-0.02349998615682125,1],[7,-0.013546009548008442,-0.9835410118103027,-0.1801578849554062,0,0.9971851110458374,7.279586355934953e-8,-0.07497834414243698,0,0.07374457269906998,-0.18066589534282684,0.9807754158973694,0,-0.0014752809656783938,-0.010331559926271439,-0.024898020550608635,1],[7,0.02003403753042221,-0.9412111639976501,-0.3372161388397217,0,0.9982399344444275,3.310171914350235e-9,0.059305448085069656,0,-0.05581914633512497,-0.33780980110168457,0.9395570755004883,0,0.0019646359141916037,-0.00726283947005868,-0.026397094130516052,1],[7,-0.0006902170716784894,-0.918408989906311,-0.3956250250339508,0,0.9999983906745911,1.0989392729143788e-9,-0.0017446213169023395,0,0.0016022823983803391,-0.3956247568130493,0.918409526348114,0,0.0003487002686597407,-0.0066240327432751656,-0.026931272819638252,1],[7,0.12227905541658401,-0.3550912141799927,0.9267971515655518,0,-0.36100172996520996,-0.8857577443122864,-0.29173627495765686,0,0.9245129823684692,-0.29890310764312744,-0.2364976555109024,0,-0.019626040011644363,0.0009487489587627351,0.01782960258424282,1],[7,0.0974428579211235,-0.6899060606956482,0.7173083424568176,0,-0.4842897057533264,-0.6625218391418457,-0.5714240670204163,0,0.8694636821746826,-0.29170408844947815,-0.3986726403236389,0,-0.018992867320775986,-0.00457069231197238,0.017929555848240852,1],[7,0.9894590377807617,0.13767988979816437,-0.04442743957042694,0,0.039541009813547134,0.03802107274532318,0.9984928965568542,0,0.1391589492559433,-0.9897457957267761,0.03217695280909538,0,-0.0037941087502986193,0.012607550248503685,-0.00001694690035947133,1],[7,0.9988712668418884,0.04705086722970009,-0.0004021156346425414,0,-0.011993838474154472,0.2628796100616455,0.9647535085678101,0,0.04549732804298401,-0.9636791348457336,0.263153076171875,0,-0.0030952286906540394,0.007416294422000647,-0.0019428550731390715,1],[7,0.984960675239563,0.16954505443572998,0.032680246978998184,0,0.11462245881557465,-0.7836095690727234,0.6105856895446777,0,0.1291280835866928,-0.5976697206497192,-0.7912731170654297,0,-0.0034030538517981768,0.0018073372775688767,0.0005211870884522796,1],[7,-0.9927850961685181,0.11964937299489975,0.004785009194165468,0,-0.11974290013313293,-0.9920251369476318,-0.03928624838590622,0,0.000046273580665001646,-0.03957653418183327,0.9992151260375977,0,0.003409315599128604,-0.0012838722905144095,-0.00018265459220856428,1],[7,0.989480197429657,-0.1376768946647644,-0.044437818229198456,0,0.05011163279414177,0.03802108392119408,0.9980199933052063,0,-0.13571476936340332,-0.9897466897964478,0.044520337134599686,0,0.0037725884467363358,0.012608233839273453,-0.00035673315869644284,1],[7,0.9988929629325867,-0.047041695564985275,-0.00040729346801526845,0,0.012773407623171806,0.26288002729415894,0.9647445678710938,0,-0.04527614638209343,-0.9636807441711426,0.2631900906562805,0,0.003088831901550293,0.007416560780256987,-0.0019453633576631546,1],[7,0.984978437423706,-0.16955530643463135,0.03267670050263405,0,-0.15485087037086487,-0.7836101055145264,0.601645290851593,0,-0.07640628516674042,-0.5976682305335999,-0.7980948090553284,0,0.003356359200552106,0.0018081231974065304,0.0007454518345184624,1],[7,-0.9928024411201477,-0.11966439336538315,0.00478275865316391,0,0.11937576532363892,-0.9920259714126587,-0.04043613374233246,0,0.00958337727934122,-0.039574190974235535,0.9991706609725952,0,-0.0034061744809150696,-0.0012833491200581193,-0.00014981359709054232,1]],8,8,8,8,8,8,8,8,8,8,8,8,8,8,8,8,8,8,8,8,8,8,8,8,8,8,8,8,8,8,8,8,8,8,8,8,8,8,8,8,8,8,8,8,8]]],0,0,[],[],[]],[[[9,".bin",580783279,[{"primitives":[{"primitiveMode":7,"jointMapIndex":0,"vertexBundelIndices":[0],"indexView":{"offset":90552,"length":9624,"count":4812,"stride":2}}],"vertexBundles":[{"view":{"offset":0,"length":90552,"count":1029,"stride":88},"attributes":[{"name":"a_position","format":32,"isNormalized":false},{"name":"a_normal","format":32,"isNormalized":false},{"name":"a_texCoord","format":21,"isNormalized":false},{"name":"a_tangent","format":44,"isNormalized":false},{"name":"a_joints","format":42,"isNormalized":false},{"name":"a_weights","format":44,"isNormalized":false},{"name":"a_color","format":44,"isNormalized":false}]}],"jointMaps":[[0,13,14,15,16,17,18,19,20,21,22,23,24,25,26,27,28,29,30,31,32,33,34,35,36,37,38,39,40,41,42,43,44]]},"minPosition",8,[1,-0.01809050142765045,-0.00514235720038414,0.000006841139565949561],"maxPosition",8,[1,0.01809532567858696,0.00533908000215888,0.03765369951725006]]],-1],0,0,[],[],[]],[[[10,"Player"],[11,"Player",[-12,-13],[[-2,[16,4,-3,[5,"8bnI9bQy9OP5QWD9GdQ8td"]],[17,0.7,2,-4,[5,"d572VR5QFCIaLwUNrbledz"],[1,0,1.7,0]],-5,-6,[18,-7,[5,"5a8Ei+eZtBcZ7ghhDARn5d"]],[19,-10,[5,"5fzjpp7iFHgbgyw4g/jAc7"],-9,-8],[20,-11,[5,"51hbz3TgZGyqllaXhO039K"]]],1,4,4,1,1,4,4,4],[0,"7baT6VIktbj6K9N2YtGOu0",null,null,null,-1,0],[3,0,1,0,6.123233995736766e-17],[1,0,180,0]],[12,"Root",1,[-14,-15,-16],[0,"e8VnMtqJtaKr/x0/Gk4tws",null,null,null,1,0],[3,-0.7071068407911908,0,0,0.7071067215818992],[1,100,100,100],[1,-90.00000965934633,0,0]],[1,"LeftFootCtrl",2,[-17,-18,-19],[0,"3e+SpUM2lZ25BC4uJIlGXQ",null,null,null,1,0],[1,0.002042087959125638,0.0014880996895954013,0.0019320478895679116],[3,-0.4999999180436022,-0.5000000670552164,0.500000126659862,0.4999998882412794],[1,0,-90.00000341509529,90]],[1,"RightFootCtrl",2,[-20,-21,-22],[0,"01g/cSr4BWcaMywRGAFDB6",null,null,null,1,0],[1,-0.00207520485855639,0.0014881002716720104,0.0019320478895679116],[3,-0.4999999180436022,-0.5000000670552164,0.500000126659862,0.4999998882412794],[1,0,-90.00000341509529,90]],[13,"Hips",[-23,-24,-25],[0,"6a7sR368hbAr2GGCH3rhGH",null,null,null,1,0],[1,0.000004645995431928895,0.0032195099629461765,-4.69114191936626e-10],[3,0.00009301443314169473,-2.664778905854451e-7,0.999998954399776,0.0014431034608522477],[1,1.0000040531158447,1,0.9999998807907104],[1,179.99995408216176,-179.9893412537161,0.1653675292570984]],[6,"UpperChest",[-26,-27,-28],[0,"8eHHu6O+5d6Jtq80ruHkpB",null,null,null,1,0],[1,4.399772037043219e-15,0.0030527659691870213,-2.6077359716047965e-10],[3,0.04916578579063847,-3.827961747847796e-13,-1.895667547087769e-14,0.9987906314676709],[1,5.6362563314183145,-4.37053596455088e-11,-4.326315456168447e-12]],[6,"LeftHand",[-29,-30],[0,"0bholmN+1V0KMHpe3Bim7+",null,null,null,1,0],[1,-2.5890767307856777e-9,0.005272277165204287,-3.725290215195187e-11],[3,-0.02654678001598734,0.7247396706439709,-0.021308183666824285,0.6881814001950882],[1,-0.32459763896884863,92.9532913720988,-3.8880267548487923]],[6,"RightHand",[-31,-32],[0,"4aUil/x51ScKYEY/XL8WwT",null,null,null,1,0],[1,7.450580430390374e-11,0.005272275768220425,9.033828685112155e-10],[3,0.008204220688409373,0.0003330626598476698,-0.03303726347427374,0.9994203915541707],[1,0.9429508160514527,0.06935489506558072,-3.7860387606286476]],[1,"LeftHeelRoll",3,[-33],[0,"beeUyCKOBV/62/zIm7nTdm",null,null,null,1,0],[1,0.0007085253018885851,0.0017990143969655037,-0.00022240428370423615],[3,-0.5075117973678124,0.5082283644112565,-0.4919062581982124,-0.4921015528178967],[1,89.94726032849486,-90.03070734915994,-1.8181921878016454]],[3,"LeftToeRoll",9,[-34],[0,"a5PBkzQiJdeZSLIap0FGVH",null,null,null,1,0],[1,-0.0002866423747036606,0.003069328609853983,0.000010425294931337703],[3,0.01573585345759208,-0.0020787375971438155,0.9946247335570452,-0.10232155766279463],[1,0.9999982118606567,0.9999998807907104,1],[1,179.94645889271416,-178.1927186234364,-11.748055571781157]],[4,"LeftFootIK",10,[[2,"LeftFootIK_end",-35,[0,"34kOGuobVYIZr765dkIv0e",null,null,null,1,0],[1,0,0.0030125423800200224,2.081668124643259e-19]]],[0,"27NG3/cLVaS56o7DyHfQo0",null,null,null,1,0],[1,-0.000018214230294688605,0.0024152176920324564,0.00180049950722605],[3,0.9461288575894935,-0.02187085180277783,0.07550260523365648,-0.3141038160875341],[1,-143.60078157947333,-7.448980598171051,-5.095530671795004]],[7,"LeftFootRollCtrl",3,[[2,"LeftFootRollCtrl_end",-36,[0,"49ub3DHXJYaYFmnYtUS+rL",null,null,null,1,0],[1,-5.551114999048691e-19,0.0029276665300130844,0]]],[0,"88U/48VT5Ry649UtQc3dMb",null,null,null,1,0],[3,0.5000000074505734,0.49999997764825055,-0.49999988824128205,0.5000001266598647],[1,89.99998804716853,89.99998463207395,-0.000001707545714948066]],[4,"LeftKneeCtrl",3,[[2,"LeftKneeCtrl_end",-37,[0,"85rGPRemBQtpQg6hxK3oTs",null,null,null,1,0],[1,2.7755574995243454e-19,0.003368157194927335,0]]],[0,"cag4qom0ZYGZYHXYetaq1Z",null,null,null,1,0],[1,-0.006179578136652708,-0.005867005791515112,0.0002588702191133052],[3,0.7071069600004602,-5.338506261824735e-8,-0.7071066023725855,-5.338509103995726e-8],[1,-179.99999134857796,89.99997102196103,1.15186546223719e-13]],[1,"RightHeelRoll",4,[-38],[0,"5foxo/bFRWiIG/KBSqNdwM",null,null,null,1,0],[1,0.0007085256511345506,0.0017990143969655037,0.00022240402176976204],[3,-0.5076856580869805,0.5079020229461391,-0.49172791525901494,-0.4924372701319753],[1,89.9473845207686,-89.97257702554121,-1.800463291576054]],[3,"RightToeRoll",14,[-39],[0,"2dX1bVkqBWua5B6FmvTZun",null,null,null,1,0],[1,0.00028672884218394756,0.003069328609853983,-0.00000768702921050135],[3,0.01567576869638553,0.0011517381386155752,0.9946256559250538,0.10233644683442102],[1,0.9999934434890747,0.9999999403953552,1],[1,179.9463175716444,-178.188609620709,11.748084504975523]],[4,"RightFootIK",15,[[2,"RightFootIK_end",-40,[0,"82qeAK/mlU2LiwL+Hco2WA",null,null,null,1,0],[1,0,0.003012542612850666,0]]],[0,"cfi0ijUQJZhYZzRzfnGxd0",null,null,null,1,0],[1,0.000018214082956546918,0.0024152174592018127,0.00180049950722605],[3,0.9481119066135607,0.011444971144850371,-0.044093143886324355,-0.3146563519703873],[1,-143.38898486236457,4.387505451631281,2.8344668313577617]],[7,"RightFootRollCtrl",4,[[2,"RightFootRollCtrl_end",-41,[0,"bd3qjakCdSm5RMrOIqUHMW",null,null,null,1,0],[1,-2.7755574995243454e-19,0.0029276665300130844,2.7755574995243454e-19]]],[0,"e0hbQVTZhWXoY1xnxSOxi4",null,null,null,1,0],[3,0.5000000074505734,0.49999997764825055,-0.49999988824128205,0.5000001266598647],[1,89.99998804716853,89.99998463207395,-0.000001707545714948066]],[4,"RightKneeCtrl",4,[[2,"RightKneeCtrl_end",-42,[0,"9eAdkJ6SdfrJJohSfRXYTe",null,null,null,1,0],[1,0,0.003368157194927335,5.551114999048691e-19]]],[0,"64XusumylV9ppeHVRG8Yep",null,null,null,1,0],[1,-0.006179579067975283,-0.005867005791515112,-0.0002919821999967098],[3,0.7071069600004602,-5.338506261824735e-8,-0.7071066023725855,-5.338509103995726e-8],[1,-179.99999134857796,89.99997102196103,1.15186546223719e-13]],[1,"HipsCtrl",2,[5],[0,"1cxdOqFtVZAq/GA7/1fKhT",null,null,null,1,0],[1,-0.0000022340875602822052,-0.00031240255339071155,0.015641720965504646],[3,0.0009546565365197913,0.7071061312425002,-0.7071059524285614,0.0010861999163157706],[1,89.99997012930388,179.83463246640054,-0.01065872660767289]],[3,"Spine",5,[-43],[0,"c6Ey4djXxRQ6ilH9WzvfuF",null,null,null,1,0],[1,-5.04653319187507e-14,0.0032195160165429115,7.755614726823179e-12],[3,-0.061042574145959566,-1.0545779506515387e-8,-1.0392164605814786e-8,0.9981351632627892],[1,1.0000040531158447,0.9999999403953552,1.000000238418579],[1,-6.9993151395081386,-0.0000012788965537824884,-0.0000011148662496670198]],[1,"Chest",20,[6],[0,"6c+ePrKuFW3oPsDCftSuh3",null,null,null,1,0],[1,1.362449785153111e-13,0.0028704882133752108,2.560621992220291e-10],[3,0.011894642458099935,9.999340980352264e-9,1.104093091301454e-8,0.9999292562380571],[1,1.3630577660954386,0.000001130709939395611,0.00000127873733956538]],[1,"Neck",6,[-44],[0,"db/L7KmEle5rmILkE46Iv6",null,null,null,1,0],[1,2.2970771199884096e-14,0.002708645071834326,-4.293501665308952e-11],[3,0.07661575647405185,-2.5414741881782427e-13,-3.6255769685435523e-12,0.997060693167627],[1,8.78813100657788,2.7932747358410798e-12,-4.1647064334530293e-10]],[14,"Head",22,[[2,"Head_end",-45,[0,"c5lN9iOnZa1qW+eqtiFPTx",null,null,null,1,0],[1,0,0.010044100694358349,-5.2041703116081476e-20]]],[0,"bcz68YBphdNqYbsg23Uu3i",null,null,null,1,0],[1,1.3696618980044845e-13,0.0027800926472991705,-1.3969514434108987e-10],[3,-0.07413526788375324,-2.526978350191087e-14,-8.820014514358357e-15,0.9972481948120057],[1,1.0000040531158447,0.9999998807907104,1],[1,-8.503076961191168,-2.9626639317239113e-12,-7.932441830641408e-13]],[1,"LeftShoulder",6,[-46],[0,"f3ELlbVxBWbKGLf4ZAA+rg",null,null,null,1,0],[1,0.0008828003774397075,0.0028108188416808844,0.0006496105925180018],[3,0.5868819918674754,0.4106536186257137,0.5482944815008771,-0.43163212888634184],[1,-106.86547385566185,-86.47547061145616,0.4977575427477138]],[3,"LeftArm",24,[-47],[0,"basmrAVENSpqnNdusx81Kj",null,null,null,1,0],[1,0,0.0025880143512040377,-2.5695772176703713e-9],[3,0.08388999819837147,0.7108129237741361,0.06131061144803631,0.6956640457302716],[1,1.0000005960464478,0.999995768070221,1.000006914138794],[1,1.730384312462418,91.05530329639842,11.803940098082505]],[1,"LeftForeArm",25,[7],[0,"fboEyjA91a9JabOjcTYf7l",null,null,null,1,0],[1,-2.996239256702893e-9,0.004707749467343092,2.3283064712331658e-11],[3,0.04676153975048414,0.0125732713050914,0.005446292566779431,0.998812099018694],[1,5.352435421847868,1.4101402285586366,0.6907481150250959]],[1,"LeftHandIndex1",7,[-48],[0,"b5NF3qPmVYp65gogKrpPB/",null,null,null,1,0],[1,-4.6566129424663316e-11,0.0013859978644177318,-1.8742867258225715e-9],[3,0.05672738199445307,-0.07746504070851835,0.00014853867131231016,0.9953799021159438],[1,6.485841076594985,-8.87253031216202,-0.4866230937514515]],[1,"LeftHandIndex2",27,[-49],[0,"b3jIEZjBFV46WhGr+A8i4M",null,null,null,1,0],[1,-1.1175870645585562e-10,0.0011282142950221896,-7.310882454980572e-10],[3,0.08137375815075473,0.06692219487472907,-0.0006391020106085454,0.9944341722136218],[1,9.3192124885147,7.6551031273587125,0.5512128805258674]],[4,"LeftHandIndex3",28,[[2,"LeftHandIndex3_end",-50,[0,"6eHQ+y5VJR+ITaqfZDRs4j",null,null,null,1,0],[1,0,0.00130498840007931,-4.440891999238953e-18]]],[0,"20XCRAieJQH5pBhFQpBMU4",null,null,null,1,0],[1,3.725290215195187e-11,0.0010213041678071022,-3.4901312950808006e-9],[3,0.030971775041711794,-0.030524252189828596,0.0008921602917876608,0.9990536638384503],[1,3.5511391047079495,-3.499853988418961,-0.006196454215366802]],[1,"LeftHandThumb1",7,[-51],[0,"d8nsl71nddQ4lGkoMzPGAE",null,null,null,1,0],[1,-0.0006514833658002317,0.0005098103429190814,0.00002445373684167862],[3,-0.3360726521619659,0.630711910537612,0.44692852910948605,0.5380637027739826],[1,-67.96143062547837,101.2682774678715,3.268892440729643]],[4,"LeftHandThumb2",30,[[2,"LeftHandThumb2_end",-52,[0,"91NuBVdD9Qwo1FkSRrE1u1",null,null,null,1,0],[1,-4.440891999238953e-18,0.001322596799582243,0]]],[0,"aaem6pRhJe1ZrUubenmwNz",null,null,null,1,0],[1,1.490116086078075e-10,0.0010586779098957777,-1.7322600021074663e-9],[3,0.20120007004006185,-0.013493429075109623,0.003930167800608817,0.9794493417062101],[1,23.218435482721535,-1.6052843893625166,0.13000668639900279]],[1,"RightShoulder",6,[-53],[0,"38CWtXV9ZZAbD1PbeCyhUE",null,null,null,1,0],[1,-0.0008828006102703512,0.0028108188416808844,0.0006496105925180018],[3,0.6583795538909447,-0.5076111548487459,0.45999342143222544,0.31188672740364937],[1,108.29128018866523,-86.18685639324225,-22.424762996724265]],[3,"RightArm",32,[-54],[0,"c8VhJwLL5aQIBZpV1N6qMh",null,null,null,1,0],[1,1.490116086078075e-10,0.002588014118373394,-5.727633922703035e-10],[3,-0.0009363195181501057,0.9648764035228142,-0.10390248043859811,-0.241281834768691],[1,1.0000070333480835,0.9999955296516418,1.000001311302185],[1,11.606735361175998,-152.20212054854863,2.7703388744426305]],[1,"RightForeArm",33,[8],[0,"bft0/0OsxX3L0xxAnNWoPZ",null,null,null,1,0],[1,-1.536682309177806e-10,0.004707749001681805,2.4519977159798145e-9],[3,0.0007336911581963406,-0.004767492458632619,0.047071852235362886,0.9988798593625128],[1,0.11018493844437593,-0.5521147933757768,5.395565191956429]],[1,"RightHandIndex1",8,[-55],[0,"067p/EeVxV9pKRP79P2dE+",null,null,null,1,0],[1,2.700835388669276e-10,0.0013859980972483754,-1.1641532356165829e-11],[3,-0.0567272626261071,-0.07746363233161518,-0.0001484711500108852,0.9953800185342574],[1,-6.485827504861675,-8.872368314635532,0.48662057858473445]],[1,"RightHandIndex2",35,[-56],[0,"1cxyTddChdraA65gWL1skG",null,null,null,1,0],[1,2.0489096530518225e-10,0.0011282125487923622,-8.405185991655628e-10],[3,-0.08137267286463261,0.06692128795879435,0.000639249935902968,0.9944343219581276],[1,-9.319089600402055,7.655001273563239,-0.5511792319541354]],[4,"RightHandIndex3",36,[[2,"RightHandIndex3_end",-57,[0,"6aKHKfxDFcKob1HztmEsYJ",null,null,null,1,0],[1,0,0.0013049882836639881,0]]],[0,"3aY1R3MsBeNbE7J4zB6BuF",null,null,null,1,0],[1,1.490116086078075e-10,0.0010213060304522514,1.336447952304809e-9],[3,-0.03097384361655932,-0.030523022032086622,-0.0008921936210445755,0.999053637262879],[1,-3.551376273499715,-3.4997131302457354,0.006195510551708902]],[1,"RightHandThumb1",8,[-58],[0,"209KLtwPxadqsWzDVEhP+2",null,null,null,1,0],[1,-0.0006391924107447267,0.0005098118563182652,-0.0001283008314203471],[3,-0.3583740007647626,0.7295987033803775,-0.42925202986561634,-0.39369595179246875],[1,67.5920962887008,-116.15154247033044,-10.658149653514794]],[4,"RightHandThumb2",38,[[2,"RightHandThumb2_end",-59,[0,"85YkABvklQDKHOlDpjPFH1",null,null,null,1,0],[1,0,0.001322596799582243,0]]],[0,"891wxwsI9YFrICGluHRdIh",null,null,null,1,0],[1,2.98023217215615e-10,0.001058676978573203,-2.60770322002557e-10],[3,-0.19090290898184953,-0.025671415744448915,0.06366158453732716,0.9792059336064809],[1,-21.962215340868617,-1.5017159409213194,7.7283841265805355]],[3,"LeftUpLeg",5,[-60],[0,"82nv314ftcU64Ub32587jT",null,null,null,1,0],[1,0.0020152912475168705,0.0005846330313943326,7.509206034761462e-10],[3,0.9867030585018123,0.001060975737331186,0.16252845859892845,0.0006699396318656906],[1,1.0000545978546143,1.0000014305114746,1.0000004768371582],[1,179.94401123855928,-18.707325317351753,0.13243957134527157]],[3,"LeftLeg",40,[-61],[0,"cfS9iPp05Rt5E+wu93kh0W",null,null,null,1,0],[1,1.490116086078075e-10,0.005261740647256374,2.444721682037798e-11],[3,0.14157400740951073,0.032444480154958266,0.05285427613199508,0.9879830877236964],[1,0.999999463558197,0.9999988079071045,1.0000022649765015],[1,16.14785065820293,2.8352327659906886,6.52431497684514]],[3,"LeftFoot",41,[-62],[0,"26zy6lU+tYOJ2w8ZgwFtrY",null,null,null,1,0],[1,-5.587935322792781e-11,0.006088110152631998,1.8626451769865326e-10],[3,-0.5438064825990531,-0.19418122982972852,-0.1875435077063294,0.7946040474237882],[1,1.0000205039978027,0.9999836087226868,0.999995768070221],[1,-70.15439478381059,-30.964931935396084,-4.982509724937329]],[4,"LeftToes",42,[[2,"LeftToes_end",-63,[0,"68r93v/8RWrak9fb8zpSLk",null,null,null,1,0],[1,0,0.0021323629189282656,0]]],[0,"382xnDvG9YLqtoRaYJkAlO",null,null,null,1,0],[1,-6.402842839259293e-11,0.003012539353221655,-9.313225537987968e-12],[3,-0.019817861237074724,0.9522868010246825,-0.2982552713813931,0.06165139141476175],[1,34.55399063018577,173.92141121101008,-4.273659257217963]],[3,"RightUpLeg",5,[-64],[0,"97jgCm7rFXsIXy2vg9pRVl",null,null,null,1,0],[1,-0.002015291014686227,0.0005846330896019936,7.520936651239651e-10],[3,0.9765877156996218,-0.001358796380818483,-0.21511474316394305,0.0004842421927606487],[1,0.9999869465827942,0.999999463558197,0.9999992847442627],[1,179.97930378053684,24.844514879482304,-0.16399810421164318]],[1,"RightLeg",44,[-65],[0,"364VMus/hbXYNizAz82dfv",null,null,null,1,0],[1,-6.984919587171845e-11,0.005261740647256374,-4.83123575867328e-11],[3,0.13894787376406784,0.011510127179000448,-0.05917321867443989,0.9884632191136273],[1,16.132309217258904,2.2611857733105616,-6.533405639420446]],[3,"RightFoot",45,[-66],[0,"04O5NMtKRUQIig5i44gYCQ",null,null,null,1,0],[1,-1.303851610012785e-10,0.006088118068873882,-1.8626451769865326e-10],[3,-0.5484954684871489,0.22882911438163553,0.17182078863882164,0.7856637792668775],[1,0.9999949932098389,1.000003695487976,1.0000011920928955],[1,-70.16444673348566,33.240181376055276,1.0865807948673825]],[4,"RightToes",46,[[2,"RightToes_end",-67,[0,"8aXakay85UVYKCJFZoPcng",null,null,null,1,0],[1,0,0.0021323629189282656,0]]],[0,"f9OHhGcQJWS4A8wFMVY3sy",null,null,null,1,0],[1,2.6193447411060333e-10,0.0030125444754958153,-1.8626451769865326e-10],[3,0.02826088071267612,0.9539411539606567,-0.29757362216078403,-0.02544674430385269],[1,34.58669175829486,-178.17734585021034,3.960170481137843]],[15,"characterMedium",1,[[21,-68,[5,"59QjekczxYIKHKDvYg+dmG"],[0],[22],1,1,2]],[0,"edCHlDYzVSWZzZrSE+8pxM",null,null,null,1,0],[3,-0.7071067811865475,0,0,0.7071067811865476],[1,100,100,100],[1,-90,0,0]],[23,1,[5,"ea3iwaUdleoLPX51N9YWcu"],[3,4,5]],[24,1,[5,"7biF4xTN1GnKNl2d9ZJ6Vf"],49],[25,1,[5,"c3tvJxTCtM04PFop06Y+tv"]]],0,[0,2,1,0,-1,49,0,1,1,0,1,1,0,-4,50,0,-5,51,0,1,1,0,3,51,0,4,50,0,1,1,0,1,1,0,-1,2,0,-2,48,0,-1,3,0,-2,4,0,-3,19,0,-1,9,0,-2,12,0,-3,13,0,-1,14,0,-2,17,0,-3,18,0,-1,20,0,-2,40,0,-3,44,0,-1,22,0,-2,24,0,-3,32,0,-1,27,0,-2,30,0,-1,35,0,-2,38,0,-1,10,0,-1,11,0,0,11,0,0,12,0,0,13,0,-1,15,0,-1,16,0,0,16,0,0,17,0,0,18,0,-1,21,0,-1,23,0,0,23,0,-1,25,0,-1,26,0,-1,28,0,-1,29,0,0,29,0,-1,31,0,0,31,0,-1,33,0,-1,34,0,-1,36,0,-1,37,0,0,37,0,-1,39,0,0,39,0,-1,41,0,-1,42,0,-1,43,0,0,43,0,-1,45,0,-1,46,0,-1,47,0,0,47,0,1,48,0,5,1,5,0,19,6,0,21,7,0,26,8,0,34,68],[0,0,0,0,0,0,49],[-1,6,7,-1,-2,-3,8],[1,2,3,0,4,5,0]]]]
